# icsd-CollCode, E(DFT), E(MLP), E(DFT)-E(MLP)
icsd-239-01 -4.0399955750 -4.0404872902 0.0004917152
icsd-239-10 -4.1310012590 -4.1282381791 -0.0027630799
icsd-5258-01 -4.2678169600 -4.2556009382 -0.0122160218
icsd-5258-10 -4.6905881767 -4.6886733052 -0.0019148714
icsd-16504-01 -4.1888590611 -4.2425839033 0.0537248421
icsd-16504-10 -4.8701800367 -4.8607050855 -0.0094749511
icsd-16606-01 -4.0957648436 -4.0940547558 -0.0017100877
icsd-16606-10 -4.8336314629 -4.8266430646 -0.0069883982
icsd-30446-01 -4.0242678633 -4.0226120805 -0.0016557828
icsd-30446-10 -4.8269824408 -4.8269059920 -0.0000764488
icsd-42428-01 -4.7745617669 -4.7729827642 -0.0015790027
icsd-42472-01 -4.1280379325 -4.1293948566 0.0013569241
icsd-42773-01 -4.9165284460 -4.9164897484 -0.0000386976
icsd-42773-10 -3.9570328773 -3.9499294880 -0.0071033893
icsd-52294-01 -4.5573644650 -4.5707166304 0.0133521654
icsd-55492-01 -4.2211468300 -4.2150098345 -0.0061369955
icsd-58471-01 -4.3007237533 -4.3009674044 0.0002436511
icsd-58471-10 -4.9533278467 -4.9492472045 -0.0040806422
icsd-58607-01 -4.9533394817 -4.9495680142 -0.0037714675
icsd-58607-10 -4.3007096467 -4.3010228685 0.0003132218
icsd-58745-01 -3.4765230562 -3.4722617995 -0.0042612567
icsd-58745-10 -4.8426689538 -4.8449990229 0.0023300690
icsd-59508-01 -4.7744552400 -4.7729818179 -0.0014734221
icsd-59586-01 -4.4597525850 -4.4470973893 -0.0126551957
icsd-59586-10 -4.7989713362 -4.7718931517 -0.0270781845
icsd-69199-01 -4.2687065938 -4.2686826556 -0.0000239382
icsd-69199-10 -5.1051833069 -5.1024185597 -0.0027647472
icsd-69557-01 -4.8075173222 -4.8053833692 -0.0021339530
icsd-69557-10 -4.1966837533 -4.1926799110 -0.0040038424
icsd-73839-01 -4.0974883593 -4.0922847890 -0.0052035703
icsd-73839-10 -3.7442552393 -3.7447536232 0.0004983839
icsd-97006-01 -5.1749334489 -5.1736388358 -0.0012946131
icsd-97006-10 -3.6554468389 -3.6617885452 0.0063417063
icsd-99787-01 -5.1050606400 -5.1029026823 -0.0021579577
icsd-99787-10 -4.2687244000 -4.2686838044 -0.0000405956
icsd-100654-01 -4.5428914092 -4.5448277379 0.0019363287
icsd-102712-01 -4.6526819981 -4.6573018510 0.0046198529
icsd-103775-01 -4.4405142556 -4.4370054815 -0.0035087741
icsd-103995-01 -4.6002240060 -4.5662639936 -0.0339600124
icsd-103995-10 -4.8896037920 -4.8906341406 0.0010303486
icsd-104506-01 -4.2177172969 -4.2125571443 -0.0051601525
icsd-104506-10 -5.1211856263 -5.1106212439 -0.0105643824
icsd-105191-01 -4.2959890425 -4.3036236311 0.0076345886
icsd-105191-10 -5.0950614137 -5.0849433632 -0.0101180505
icsd-105521-01 -5.1344565392 -5.1316292057 -0.0028273335
icsd-105521-10 -3.9218434700 -3.9254574634 0.0036139934
icsd-105636-01 -4.7383669575 -4.7329550960 -0.0054118615
icsd-105726-01 -4.4183980488 -4.4190147936 0.0006167448
icsd-105726-10 -4.8871938987 -4.8836903548 -0.0035035440
icsd-105948-01 -4.2004250783 -4.1923910683 -0.0080340100
icsd-105948-10 -4.9893776050 -4.9736729537 -0.0157046513
icsd-106325-01 -4.7744503700 -4.7729581232 -0.0014922468
icsd-106786-01 -4.3843380467 -4.3812369555 -0.0031010911
icsd-106786-10 -4.0984092367 -4.0761194451 -0.0222897916
icsd-107998-01 -5.1144338470 -5.1048507579 -0.0095830891
icsd-107998-10 -4.0205618460 -4.0214291828 0.0008673368
icsd-108707-01 -4.7744521250 -4.7729829235 -0.0014692015
icsd-108762-01 -4.1650756010 -4.1658160323 0.0007404313
icsd-108762-10 -3.5268083620 -3.5312327631 0.0044244011
icsd-150584-01 -5.0517966131 -5.0512180013 -0.0005786118
icsd-150584-10 -3.7712173200 -3.7707984328 -0.0004188872
icsd-155842-01 -4.9588740150 -4.9550648759 -0.0038091391
icsd-155842-10 -4.3903639350 -4.3867650264 -0.0035989086
icsd-161109-01 -4.2070466933 -4.2316991684 0.0246524751
icsd-161133-01 -4.9893779600 -4.9736782680 -0.0156996920
icsd-161133-10 -4.2004325567 -4.1924014644 -0.0080310923
icsd-167735-01 -5.0384451340 -5.0363094996 -0.0021356344
icsd-167735-10 -3.6969249790 -3.6980899873 0.0011650083
icsd-168897-01 -4.6209799500 -4.6074462045 -0.0135337455
icsd-169457-01 -4.3845684450 -4.3845434833 -0.0000249617
icsd-169457-10 -3.8123745733 -3.8094791284 -0.0028954450
icsd-181127-01 -5.1051181800 -5.1029338345 -0.0021843455
icsd-181127-10 -4.2687299150 -4.2686633013 -0.0000666137
icsd-181788-01 -4.1280506988 -4.1294141423 0.0013634436
icsd-185626-01 -4.5183363180 -4.5281161844 0.0097798664
icsd-185626-10 -4.2526803220 -4.2433968306 -0.0092834914
icsd-188260-01 -4.9841922156 -4.9837270809 -0.0004651347
icsd-188260-10 -3.8638324950 -3.8641859913 0.0003534963
icsd-189695-01 -3.8638200944 -3.8642198678 0.0003997734
icsd-189695-10 -4.9841886231 -4.9837270721 -0.0004615510
icsd-189711-01 -3.9060041183 -3.9053372208 -0.0006668976
icsd-189711-10 -3.9831539842 -3.9919773367 0.0088233526
icsd-240119-01 -4.4405169587 -4.4370154448 -0.0035015139
icsd-246555-01 -4.5952250050 -4.6018022815 0.0065772765
icsd-246555-10 -4.3712281758 -4.3708689488 -0.0003592270
icsd-248490-01 -4.3845854850 -4.3845851498 -0.0000003352
icsd-248490-10 -3.8124327833 -3.8095040932 -0.0029286901
icsd-260285-01 -4.2177007775 -4.2125022377 -0.0051985398
icsd-260285-10 -5.1212070112 -5.1105820419 -0.0106249693
icsd-262070-01 -4.3909248188 -4.3804493557 -0.0104754631
icsd-409859-01 -4.8156712217 -4.8158464545 0.0001752328
icsd-409859-10 -4.2949795233 -4.2912643928 -0.0037151305
icsd-416747-01 -4.3016180906 -4.2993958746 -0.0022222160
icsd-416747-10 -5.0996259525 -5.0960899530 -0.0035359995
icsd-420250-01 -4.2959856138 -4.3035579982 0.0075723845
icsd-420250-10 -5.0950550638 -5.0849668589 -0.0100882048
icsd-424636-01 -4.1650759080 -4.1658156819 0.0007397739
icsd-424636-10 -3.5267816710 -3.5312390592 0.0044573882
icsd-609153-01 -4.2687101625 -4.2686866729 -0.0000234896
icsd-609153-10 -5.1051245250 -5.1029375006 -0.0021870244
icsd-610464-01 -4.8234402917 -4.8209226869 -0.0025176047
icsd-610464-10 -4.2857850017 -4.2865866504 0.0008016487
icsd-611176-01 -4.2505485839 -4.2282857351 -0.0222628488
icsd-611176-10 -4.9121879911 -4.9092240672 -0.0029639239
icsd-611457-01 -4.7383609563 -4.7329348026 -0.0054261537
icsd-611618-01 -4.5953073175 -4.5926389120 -0.0026684055
icsd-618295-01 -4.5223942475 -4.5198213058 -0.0025729417
icsd-618702-01 -4.5953006838 -4.5926589998 -0.0026416839
icsd-625334-01 -4.3822449333 -4.3822419101 -0.0000030233
icsd-625334-10 -4.6026950667 -4.6030457331 0.0003506664
icsd-626692-01 -4.6209682900 -4.6074746524 -0.0134936376
icsd-629380-01 -4.8465962550 -4.8420693570 -0.0045268980
icsd-629380-10 -4.4916178420 -4.4896216731 -0.0019961689
icsd-629406-01 -4.7214255343 -4.7215360699 0.0001105356
icsd-629406-10 -4.4346021714 -4.4336447608 -0.0009574106
icsd-633467-01 -4.7744529100 -4.7729768707 -0.0014760393
icsd-635060-01 -4.4897165675 -4.5215535180 0.0318369505
icsd-635208-01 -4.5910704744 -4.5895498690 -0.0015206054
icsd-635208-10 -3.8012155087 -3.8008170237 -0.0003984851
icsd-635642-01 -4.2553967707 -4.2495605696 -0.0058362011
icsd-635642-10 -4.8265236393 -4.8242604671 -0.0022631721
icsd-638227-01 -4.3845987042 -4.3845524814 -0.0000462227
icsd-638227-10 -3.8123840858 -3.8094792684 -0.0029048174
icsd-639037-01 -4.5573494583 -4.5706438963 0.0132944380
icsd-639148-01 -4.1650755940 -4.1658160381 0.0007404441
icsd-639148-10 -3.5268083960 -3.5312327175 0.0044243215
icsd-639227-01 -4.8030247140 -4.7724080678 -0.0306166462
icsd-639227-10 -4.2539937610 -4.2483116713 -0.0056820897
icsd-639879-01 -4.5811569878 -4.5929338197 0.0117768319
icsd-639879-10 -4.5406616767 -4.5279876041 -0.0126740725
icsd-640726-01 -5.0996176600 -5.0961090229 -0.0035086371
icsd-640726-10 -4.3016128756 -4.2993985946 -0.0022142811
icsd-643301-01 -4.3016097462 -4.2993884944 -0.0022212518
icsd-643301-10 -5.0996464956 -5.0961135273 -0.0035329683
icsd-644708-01 -4.6198216400 -4.6148557815 -0.0049658585
icsd-648572-01 -4.2687226550 -4.2686860800 -0.0000365750
icsd-648572-10 -5.1051296525 -5.1029449211 -0.0021847314
icsd-648748-01 -4.9178884800 -4.8989638674 -0.0189246126
icsd-648748-10 -3.6791472860 -3.7029052031 0.0237579171
icsd-649037-01 -4.2372323537 -4.2418526659 0.0046203121
icsd-649037-10 -5.1085068325 -5.1070504625 -0.0014563700
icsd-650527-01 -4.6324138500 -4.6313710016 -0.0010428484
icsd-652553-01 -4.9533442700 -4.9493701004 -0.0039741696
icsd-652553-10 -4.3007152667 -4.3010215315 0.0003062648
icsd-655706-01 -4.4568136317 -4.4578518551 0.0010382235
icsd-655706-10 -3.5470886633 -3.5456956826 -0.0013929807
icsd-659806-01 -4.5573479017 -4.5706400240 0.0132921223
icsd-659829-01 -4.3160923633 -4.3170399830 0.0009476197
icsd-659829-10 -4.7055451560 -4.7110307257 0.0054855697
icsd-659856-01 -4.6198546200 -4.6150320497 -0.0048225703
