# icsd-CollCode, E(DFT), E(MLP), E(DFT)-E(MLP)
icsd-239-01 -4.0399955750 -4.0349176846 -0.0050778904
icsd-239-10 -4.1310012590 -4.1304749930 -0.0005262660
icsd-5258-01 -4.2678169600 -4.2651391605 -0.0026777995
icsd-5258-10 -4.6905881767 -4.6857644738 -0.0048237029
icsd-16504-01 -4.1888590611 -4.1954806654 0.0066216043
icsd-16504-10 -4.8701800367 -4.8704950978 0.0003150611
icsd-16606-01 -4.0957648436 -4.0940829828 -0.0016818607
icsd-16606-10 -4.8336314629 -4.8304125820 -0.0032188808
icsd-30446-01 -4.0242678633 -4.0235862496 -0.0006816137
icsd-30446-10 -4.8269824408 -4.8275333364 0.0005508956
icsd-42428-01 -4.7745617669 -4.7739553336 -0.0006064333
icsd-42472-01 -4.1280379325 -4.1279884894 -0.0000494431
icsd-42773-01 -4.9165284460 -4.9140990558 -0.0024293902
icsd-42773-10 -3.9570328773 -3.9560935798 -0.0009392975
icsd-52294-01 -4.5573644650 -4.5580576158 0.0006931508
icsd-55492-01 -4.2211468300 -4.2199214092 -0.0012254208
icsd-58471-01 -4.3007237533 -4.3002308732 -0.0004928801
icsd-58471-10 -4.9533278467 -4.9514990791 -0.0018287675
icsd-58607-01 -4.9533394817 -4.9514697874 -0.0018696943
icsd-58607-10 -4.3007096467 -4.3001972620 -0.0005123847
icsd-58745-01 -3.4765230562 -3.4766604872 0.0001374310
icsd-58745-10 -4.8426689538 -4.8434700147 0.0008010608
icsd-59508-01 -4.7744552400 -4.7739550682 -0.0005001718
icsd-59586-01 -4.4597525850 -4.4596667825 -0.0000858025
icsd-59586-10 -4.7989713362 -4.7871876709 -0.0117836654
icsd-69199-01 -4.2687065938 -4.2689154699 0.0002088761
icsd-69199-10 -5.1051833069 -5.1035522420 -0.0016310649
icsd-69557-01 -4.8075173222 -4.8078032216 0.0002858994
icsd-69557-10 -4.1966837533 -4.1959323382 -0.0007514152
icsd-73839-01 -4.0974883593 -4.0955582776 -0.0019300817
icsd-73839-10 -3.7442552393 -3.7442310440 -0.0000241953
icsd-97006-01 -5.1749334489 -5.1759731305 0.0010396817
icsd-97006-10 -3.6554468389 -3.6561386477 0.0006918088
icsd-99787-01 -5.1050606400 -5.1042626503 -0.0007979897
icsd-99787-10 -4.2687244000 -4.2689194616 0.0001950616
icsd-100654-01 -4.5428914092 -4.5421329054 -0.0007585037
icsd-102712-01 -4.6526819981 -4.6536302532 0.0009482551
icsd-103775-01 -4.4405142556 -4.4395340957 -0.0009801600
icsd-103995-01 -4.6002240060 -4.5877119141 -0.0125120919
icsd-103995-10 -4.8896037920 -4.8832628009 -0.0063409911
icsd-104506-01 -4.2177172969 -4.2168986947 -0.0008186022
icsd-104506-10 -5.1211856263 -5.1174348033 -0.0037508230
icsd-105191-01 -4.2959890425 -4.2969044318 0.0009153893
icsd-105191-10 -5.0950614137 -5.0940885621 -0.0009728517
icsd-105521-01 -5.1344565392 -5.1319429401 -0.0025135991
icsd-105521-10 -3.9218434700 -3.9223141484 0.0004706784
icsd-105636-01 -4.7383669575 -4.7353577454 -0.0030092121
icsd-105726-01 -4.4183980488 -4.4184257921 0.0000277433
icsd-105726-10 -4.8871938987 -4.8858816208 -0.0013122780
icsd-105948-01 -4.2004250783 -4.2018772437 0.0014521654
icsd-105948-10 -4.9893776050 -4.9865593261 -0.0028182789
icsd-106325-01 -4.7744503700 -4.7739424635 -0.0005079065
icsd-106786-01 -4.3843380467 -4.3819100783 -0.0024279684
icsd-106786-10 -4.0984092367 -4.0949959683 -0.0034132684
icsd-107998-01 -5.1144338470 -5.1136937371 -0.0007401099
icsd-107998-10 -4.0205618460 -4.0211884000 0.0006265540
icsd-108707-01 -4.7744521250 -4.7739550696 -0.0004970554
icsd-108762-01 -4.1650756010 -4.1658135997 0.0007379987
icsd-108762-10 -3.5268083620 -3.5275138228 0.0007054608
icsd-150584-01 -5.0517966131 -5.0503778890 -0.0014187241
icsd-150584-10 -3.7712173200 -3.7709807938 -0.0002365262
icsd-155842-01 -4.9588740150 -4.9582853597 -0.0005886553
icsd-155842-10 -4.3903639350 -4.3896620640 -0.0007018710
icsd-161109-01 -4.2070466933 -4.2130939254 0.0060472320
icsd-161133-01 -4.9893779600 -4.9865572769 -0.0028206831
icsd-161133-10 -4.2004325567 -4.2018748648 0.0014423081
icsd-167735-01 -5.0384451340 -5.0386312267 0.0001860927
icsd-167735-10 -3.6969249790 -3.6968608529 -0.0000641261
icsd-168897-01 -4.6209799500 -4.6185568601 -0.0024230899
icsd-169457-01 -4.3845684450 -4.3849071214 0.0003386764
icsd-169457-10 -3.8123745733 -3.8132658394 0.0008912661
icsd-181127-01 -5.1051181800 -5.1042937016 -0.0008244784
icsd-181127-10 -4.2687299150 -4.2689050545 0.0001751395
icsd-181788-01 -4.1280506988 -4.1279956234 -0.0000550753
icsd-185626-01 -4.5183363180 -4.5170781711 -0.0012581469
icsd-185626-10 -4.2526803220 -4.2575543170 0.0048739950
icsd-188260-01 -4.9841922156 -4.9842964599 0.0001042443
icsd-188260-10 -3.8638324950 -3.8642306245 0.0003981295
icsd-189695-01 -3.8638200944 -3.8642470736 0.0004269792
icsd-189695-10 -4.9841886231 -4.9842964807 0.0001078576
icsd-189711-01 -3.9060041183 -3.9050766995 -0.0009274189
icsd-189711-10 -3.9831539842 -3.9844942359 0.0013402518
icsd-240119-01 -4.4405169587 -4.4395405812 -0.0009763775
icsd-246555-01 -4.5952250050 -4.5978175035 0.0025924985
icsd-246555-10 -4.3712281758 -4.3710851944 -0.0001429814
icsd-248490-01 -4.3845854850 -4.3849206213 0.0003351363
icsd-248490-10 -3.8124327833 -3.8134182967 0.0009855134
icsd-260285-01 -4.2177007775 -4.2168717949 -0.0008289826
icsd-260285-10 -5.1212070112 -5.1174264320 -0.0037805792
icsd-262070-01 -4.3909248188 -4.3884017423 -0.0025230764
icsd-409859-01 -4.8156712217 -4.8179251257 0.0022539041
icsd-409859-10 -4.2949795233 -4.2931605661 -0.0018189572
icsd-416747-01 -4.3016180906 -4.3012178998 -0.0004001908
icsd-416747-10 -5.0996259525 -5.0984836917 -0.0011422608
icsd-420250-01 -4.2959856138 -4.2969075283 0.0009219146
icsd-420250-10 -5.0950550638 -5.0940875887 -0.0009674751
icsd-424636-01 -4.1650759080 -4.1658132124 0.0007373044
icsd-424636-10 -3.5267816710 -3.5275022862 0.0007206152
icsd-609153-01 -4.2687101625 -4.2689204094 0.0002102469
icsd-609153-10 -5.1051245250 -5.1042925537 -0.0008319713
icsd-610464-01 -4.8234402917 -4.8273889979 0.0039487063
icsd-610464-10 -4.2857850017 -4.2836522579 -0.0021327437
icsd-611176-01 -4.2505485839 -4.2381106826 -0.0124379013
icsd-611176-10 -4.9121879911 -4.9046164682 -0.0075715229
icsd-611457-01 -4.7383609563 -4.7353261816 -0.0030347747
icsd-611618-01 -4.5953073175 -4.5970511159 0.0017437984
icsd-618295-01 -4.5223942475 -4.5224293775 0.0000351300
icsd-618702-01 -4.5953006838 -4.5970545428 0.0017538591
icsd-625334-01 -4.3822449333 -4.3819697224 -0.0002752109
icsd-625334-10 -4.6026950667 -4.6028786974 0.0001836307
icsd-626692-01 -4.6209682900 -4.6185360663 -0.0024322237
icsd-629380-01 -4.8465962550 -4.8448382307 -0.0017580243
icsd-629380-10 -4.4916178420 -4.4913376663 -0.0002801757
icsd-629406-01 -4.7214255343 -4.7215414687 0.0001159345
icsd-629406-10 -4.4346021714 -4.4342417242 -0.0003604472
icsd-633467-01 -4.7744529100 -4.7739533554 -0.0004995546
icsd-635060-01 -4.4897165675 -4.4995412371 0.0098246696
icsd-635208-01 -4.5910704744 -4.5903727465 -0.0006977279
icsd-635208-10 -3.8012155087 -3.8012093436 -0.0000061651
icsd-635642-01 -4.2553967707 -4.2531229442 -0.0022738265
icsd-635642-10 -4.8265236393 -4.8264814397 -0.0000421996
icsd-638227-01 -4.3845987042 -4.3849315420 0.0003328378
icsd-638227-10 -3.8123840858 -3.8134132257 0.0010291399
icsd-639037-01 -4.5573494583 -4.5580534817 0.0007040234
icsd-639148-01 -4.1650755940 -4.1658136063 0.0007380123
icsd-639148-10 -3.5268083960 -3.5275138357 0.0007054397
icsd-639227-01 -4.8030247140 -4.8030330374 0.0000083234
icsd-639227-10 -4.2539937610 -4.2549688820 0.0009751210
icsd-639879-01 -4.5811569878 -4.5850184612 0.0038614734
icsd-639879-10 -4.5406616767 -4.5313080333 -0.0093536433
icsd-640726-01 -5.0996176600 -5.0984750148 -0.0011426452
icsd-640726-10 -4.3016128756 -4.3012143899 -0.0003984858
icsd-643301-01 -4.3016097462 -4.3012052565 -0.0004044897
icsd-643301-10 -5.0996464956 -5.0984961087 -0.0011503869
icsd-644708-01 -4.6198216400 -4.6178677823 -0.0019538577
icsd-648572-01 -4.2687226550 -4.2689206914 0.0001980364
icsd-648572-10 -5.1051296525 -5.1042962323 -0.0008334202
icsd-648748-01 -4.9178884800 -4.9130805148 -0.0048079652
icsd-648748-10 -3.6791472860 -3.6880617370 0.0089144510
icsd-649037-01 -4.2372323537 -4.2372743609 0.0000420071
icsd-649037-10 -5.1085068325 -5.1082259673 -0.0002808652
icsd-650527-01 -4.6324138500 -4.6356040955 0.0031902455
icsd-652553-01 -4.9533442700 -4.9514924593 -0.0018518107
icsd-652553-10 -4.3007152667 -4.3002336850 -0.0004815817
icsd-655706-01 -4.4568136317 -4.4557207760 -0.0010928557
icsd-655706-10 -3.5470886633 -3.5470659478 -0.0000227155
icsd-659806-01 -4.5573479017 -4.5580523309 0.0007044292
icsd-659829-01 -4.3160923633 -4.3164937082 0.0004013449
icsd-659829-10 -4.7055451560 -4.7067329634 0.0011878074
icsd-659856-01 -4.6198546200 -4.6178792309 -0.0019753891
